0 1 0 -0.5 0 0.5 0.5 0 0.5    0.25 0 0
<i>A</i><i>m</i><i>a</i>'2'
40.206
<i>P</i><i>m</i>
6
GM : 0.000000 0.000000 0.000000 ; GM  :  0.0 0.0 0.0
R : 0.500000 0.000000 0.500000 ; C  :  0.5 0.5 0.0
RA : 0.500000 0.500000 0.000000 ; D  :  0.0 0.5 -0.5
S : 0.000000 0.000000 0.500000 ; Y  :  0.5 0.0 0.0
SA : 0.000000 0.500000 0.000000 ; B  :  0.0 0.0 -0.5
T : 0.500000 0.500000 0.500000 ; E  :  -0.5 0.5 -0.5
Y : 0.000000 0.500000 0.500000 ; A  :  -0.5 0.0 -0.5
Z : 0.500000 0.000000 0.000000 ; Z  :  0.0 0.5 0.0
