0 0 1 0 1 0 -1 0 0    0 0 0.25
<i>P</i><i>c</i>'<i>c</i><i>n</i>
56.367
<i>P</i><i>n</i><i>a</i>2<sub>1</sub>
33
GM : 0.000000 0.000000 0.000000 ; GM  :  0.0 0.0 0.0
R : 0.500000 0.500000 0.500000 ; R  :  -0.5 0.5 0.5
S : 0.500000 0.500000 0.000000 ; T  :  0.0 0.5 0.5
T : 0.000000 0.500000 0.500000 ; S  :  -0.5 0.5 0.0
U : 0.500000 0.000000 0.500000 ; U  :  -0.5 0.0 0.5
X : 0.500000 0.000000 0.000000 ; Z  :  0.0 0.0 0.5
Y : 0.000000 0.500000 0.000000 ; Y  :  0.0 0.5 0.0
Z : 0.000000 0.000000 0.500000 ; X  :  -0.5 0.0 0.0
