1 0 0 0 1 0 0 0 1    0.25 0.25 0
<i>P</i><i>b</i>'<i>a</i>'<i>n</i>'
50.283
<i>P</i>222
16
GM : 0.000000 0.000000 0.000000 ; GM  :  0.0 0.0 0.0
R : 0.500000 0.500000 0.500000 ; R  :  0.5 0.5 0.5
S : 0.500000 0.500000 0.000000 ; S  :  0.5 0.5 0.0
T : 0.000000 0.500000 0.500000 ; T  :  0.0 0.5 0.5
U : 0.500000 0.000000 0.500000 ; U  :  0.5 0.0 0.5
X : 0.500000 0.000000 0.000000 ; X  :  0.5 0.0 0.0
Y : 0.000000 0.500000 0.000000 ; Y  :  0.0 0.5 0.0
Z : 0.000000 0.000000 0.500000 ; Z  :  0.0 0.0 0.5
