1 0 0 0 1 0 0 0 1    0 0 0
<i>P</i><sub>B</sub><i>m</i><i>n</i><i>a</i>
53.334
<i>P</i><i>m</i><i>n</i><i>a</i>
53
GM : 0.000000 0.000000 0.000000 ; GM  :  0.0 0.0 0.0
R : 0.500000 0.500000 0.500000 ; R  :  0.5 0.5 0.5
S : 0.500000 0.500000 0.000000 ; S  :  0.5 0.5 0.0
T : 0.000000 0.500000 0.500000 ; T  :  0.0 0.5 0.5
U : 0.500000 0.000000 0.500000 ; U  :  0.5 0.0 0.5
X : 0.500000 0.000000 0.000000 ; X  :  0.5 0.0 0.0
Y : 0.000000 0.500000 0.000000 ; Y  :  0.0 0.5 0.0
Z : 0.000000 0.000000 0.500000 ; Z  :  0.0 0.0 0.5
