0.5 -0.5 0 0.5 0.5 0 0 0 1    0 0 0
<i>C</i>2'
5.15
<i>P</i>1
1
GM : 0.000000 0.000000 0.000000 ; GM  :  0.0 0.0 0.0
A : 0.000000 0.000000 0.500000 ; Z  :  0.0 0.0 0.5
L : 0.000000 0.500000 0.500000 ; U  :  0.5 0.0 0.5
LA : 0.500000 0.000000 0.500000 ; T  :  0.0 -0.5 0.5
M : 0.500000 0.500000 0.500000 ; R  :  0.5 0.5 0.5
V : 0.000000 0.500000 0.000000 ; X  :  0.5 0.0 0.0
VA : 0.500000 0.000000 0.000000 ; Y  :  0.0 -0.5 0.0
Y : 0.500000 0.500000 0.000000 ; V  :  0.5 0.5 0.0
