1 0 1 0 0 1 0 -1 0    0 0 0
<i>P</i>4<sub>2</sub>'/<i>n</i>
86.69
<i>P</i>2/<i>c</i>
13
GM : 0.000000 0.000000 0.000000 ; GM  :  0.0 0.0 0.0
A : 0.500000 0.500000 0.500000 ; C  :  0.5 -0.5 1.0
M : 0.500000 0.500000 0.000000 ; Y  :  0.5 0.0 1.0
R : 0.000000 0.500000 0.500000 ; D  :  0.0 0.5 0.5
RA : 0.500000 0.000000 0.500000 ; E  :  0.5 -0.5 0.5
X : 0.000000 0.500000 0.000000 ; B  :  0.0 0.0 0.5
XA : 0.500000 0.000000 0.000000 ; A  :  0.5 0.0 0.5
Z : 0.000000 0.000000 0.500000 ; Z  :  0.0 -0.5 0.0
