1 0 0 0 1 0 0 0 1    0 0 0
<i>P</i><sub><i>c</i></sub><i>b</i><i>c</i><i>n</i>
60.428
<i>P</i><i>b</i><i>c</i><i>n</i>
60
GM : 0.000000 0.000000 0.000000 ; GM  :  0.0 0.0 0.0
R : 0.500000 0.500000 0.500000 ; R  :  0.5 0.5 0.5
S : 0.500000 0.500000 0.000000 ; S  :  0.5 0.5 0.0
T : 0.000000 0.500000 0.500000 ; T  :  0.0 0.5 0.5
U : 0.500000 0.000000 0.500000 ; U  :  0.5 0.0 0.5
X : 0.500000 0.000000 0.000000 ; X  :  0.5 0.0 0.0
Y : 0.000000 0.500000 0.000000 ; Y  :  0.0 0.5 0.0
Z : 0.000000 0.000000 0.500000 ; Z  :  0.0 0.0 0.5
