1 0 0 0 1 0 0 0 1    0 0 0.25
<i>P</i>4<sub>1</sub>'22'
91.105
<i>P</i>222<sub>1</sub>
17
GM : 0.000000 0.000000 0.000000 ; GM  :  0.0 0.0 0.0
A : 0.500000 0.500000 0.500000 ; R  :  0.5 0.5 0.5
M : 0.500000 0.500000 0.000000 ; S  :  0.5 0.5 0.0
R : 0.000000 0.500000 0.500000 ; T  :  0.0 0.5 0.5
RA : 0.500000 0.000000 0.500000 ; U  :  -0.5 0.0 0.5
X : 0.000000 0.500000 0.000000 ; Y  :  0.0 0.5 0.0
XA : 0.500000 0.000000 0.000000 ; X  :  -0.5 0.0 0.0
Z : 0.000000 0.000000 0.500000 ; Z  :  0.0 0.0 0.5
