1 0 0 0 1 0 0 0 1    0 0 0
<i>P</i>-6'2'<i>c</i>
190.229
<i>P</i>31<i>c</i>
159
GM : 0.000000 0.000000 0.000000 ; GM  :  0.0 0.0 0.0
A : 0.000000 0.000000 0.500000 ; A  :  0.0 0.0 0.5
H : 0.333333 0.333333 0.500000 ; H  :  0.3333333333333333 0.3333333333333333 0.5
HA : 0.666667 0.666667 0.500000 ; HA  :  -0.3333333333333333 -0.3333333333333333 0.5
K : 0.333333 0.333333 0.000000 ; K  :  0.3333333333333333 0.3333333333333333 0.0
KA : 0.666667 0.666667 0.000000 ; KA  :  -0.3333333333333333 -0.3333333333333333 0.0
L : 0.500000 0.000000 0.500000 ; L  :  0.5 0.0 0.5
M : 0.500000 0.000000 0.000000 ; M  :  0.5 0.0 0.0
