1 0 0 0 1 0 0 0 1    0 0 0
<i>P</i>2/<i>m</i>1'
10.43
<i>P</i>2/<i>m</i>
10
GM : 0.000000 0.000000 0.000000 ; GM  :  0.0 0.0 0.0
A : 0.500000 0.000000 0.500000 ; A  :  0.5 0.0 0.5
B : 0.000000 0.000000 0.500000 ; B  :  0.0 0.0 0.5
C : 0.500000 0.500000 0.000000 ; C  :  0.5 0.5 0.0
D : 0.000000 0.500000 0.500000 ; D  :  0.0 0.5 0.5
E : 0.500000 0.500000 0.500000 ; E  :  0.5 0.5 0.5
Y : 0.500000 0.000000 0.000000 ; Y  :  0.5 0.0 0.0
Z : 0.000000 0.500000 0.000000 ; Z  :  0.0 0.5 0.0
