1 0 1 0 1 0 0 0 1    0 0 0
<i>P</i><i>n</i>'<i>n</i><i>a</i>'
52.312
<i>P</i>2<sub>1</sub>/<i>c</i>
14
GM : 0.000000 0.000000 0.000000 ; GM  :  0.0 0.0 0.0
R : 0.500000 0.500000 0.500000 ; C  :  0.5 0.5 1.0
S : 0.500000 0.500000 0.000000 ; E  :  0.5 0.5 0.5
T : 0.000000 0.500000 0.500000 ; D  :  0.0 0.5 0.5
U : 0.500000 0.000000 0.500000 ; Y  :  0.5 0.0 1.0
X : 0.500000 0.000000 0.000000 ; A  :  0.5 0.0 0.5
Y : 0.000000 0.500000 0.000000 ; Z  :  0.0 0.5 0.0
Z : 0.000000 0.000000 0.500000 ; B  :  0.0 0.0 0.5
