1 0 0 0 1 0 0 0 1    0 0 0
<i>P</i>-1'
2.6
<i>P</i>1
1
GM : 0.000000 0.000000 0.000000 ; GM  :  0.0 0.0 0.0
R : 0.500000 0.500000 0.500000 ; R  :  0.5 0.5 0.5
T : 0.000000 0.500000 0.500000 ; T  :  0.0 0.5 0.5
U : 0.500000 0.000000 0.500000 ; U  :  0.5 0.0 0.5
V : 0.500000 0.500000 0.000000 ; V  :  0.5 0.5 0.0
X : 0.500000 0.000000 0.000000 ; X  :  0.5 0.0 0.0
Y : 0.000000 0.500000 0.000000 ; Y  :  0.0 0.5 0.0
Z : 0.000000 0.000000 0.500000 ; Z  :  0.0 0.0 0.5
