1 0 0 0 0 1 0 -1 0    0 0.25 0.25
<i>P</i><i>b</i>'<i>c</i>'<i>n</i>'
60.425
<i>P</i>2<sub>1</sub>2<sub>1</sub>2
18
GM : 0.000000 0.000000 0.000000 ; GM  :  0.0 0.0 0.0
R : 0.500000 0.500000 0.500000 ; R  :  0.5 -0.5 0.5
S : 0.500000 0.500000 0.000000 ; U  :  0.5 0.0 0.5
T : 0.000000 0.500000 0.500000 ; T  :  0.0 -0.5 0.5
U : 0.500000 0.000000 0.500000 ; S  :  0.5 -0.5 0.0
X : 0.500000 0.000000 0.000000 ; X  :  0.5 0.0 0.0
Y : 0.000000 0.500000 0.000000 ; Z  :  0.0 0.0 0.5
Z : 0.000000 0.000000 0.500000 ; Y  :  0.0 -0.5 0.0
