0 1 0 -1 0 0 0 0 1    0 0 0
<i>P</i><i>m</i><i>m</i>'<i>n</i>'
59.410
<i>P</i>2<sub>1</sub>/<i>m</i>
11
GM : 0.000000 0.000000 0.000000 ; GM  :  0.0 0.0 0.0
R : 0.500000 0.500000 0.500000 ; E  :  -0.5 0.5 0.5
S : 0.500000 0.500000 0.000000 ; C  :  -0.5 0.5 0.0
T : 0.000000 0.500000 0.500000 ; A  :  -0.5 0.0 0.5
U : 0.500000 0.000000 0.500000 ; D  :  0.0 0.5 0.5
X : 0.500000 0.000000 0.000000 ; Z  :  0.0 0.5 0.0
Y : 0.000000 0.500000 0.000000 ; Y  :  -0.5 0.0 0.0
Z : 0.000000 0.000000 0.500000 ; B  :  0.0 0.0 0.5
