1 0 -1 1 0 0 0 -1 0    0 0 0
<i>I</i>2'2'2
23.51
<i>C</i>2
5
GM : 0.000000 0.000000 0.000000 ; GM  :  0.0 0.0 0.0
R : 0.500000 0.000000 0.500000 ; L  :  -0.5 -0.5 0.5
S : 0.000000 0.500000 0.500000 ; V  :  -0.5 -0.5 0.0
T : 0.000000 0.000000 0.500000 ; M  :  0.0 1.0 0.5
TA : 0.500000 0.500000 0.000000 ; A  :  -1.0 1.0 0.5
W : 0.250000 0.250000 0.250000 ; U  :  0.0 0.5 0.5
WA : 0.750000 0.750000 0.750000 ; UA  :  -1.0 0.5 0.5
X : 0.500000 0.500000 0.500000 ; Y  :  2.0 -1.0 -1.0
